BindingResidueIDs:120 146 147 160 163 164 167 168 170 492 497 666 667 710 711 712 713 721 722 765 770 771 774
BindingSiteCenter:48.24788948519146 107.53731136226175 63.72042723995956
